36
86
21 22
22 21
20 21
21 20
20 18
18 20
18 17
17 18
17 23
23 17
18 19
19 18
19 0
0 1
1 0
1 16
16 1
16 17
17 16
22 23
22 35
35 22
35 34
34 35
25 34
34 25
24 25
25 24
23 24
24 23
24 14
14 24
14 15
15 14
16 15
15 16
1 2
2 1
2 3
3 2
3 4
4 3
4 15
15 4
25 26
26 25
14 13
13 14
4 5
5 4
26 33
33 26
26 27
27 26
13 27
27 13
13 12
12 13
5 12
12 5
33 32
32 33
27 28
28 27
11 12
12 11
29 32
32 29
28 29
29 28
10 28
28 10
10 11
11 10
6 11
29 30
30 29
9 10
10 9
7 6
30 31
31 30
9 31
31 9
9 8
8 7
